443334534
442892138
495204965
456969400
457221025
509413222
449473072
445677689
440729483
450586607
451553633
453594830
450521693
455965162
455065154
448413986
443875206
452553185
451012751
456412399
449652766
452962670
448833562
452241549
449357723
446283917
452192855
453774866
487430811
534692411
501988473
448899328
492310499
447692931
441040599
449702369
451275213
441269842
515302292
488957988
450063054
464871699
509319906
449014265
469157993
434815505
450586466
442498785
451914092
445136994
442777431
440843959
452880442
452307430
449866349
463343762
446922978
450488183
550193877
475367236
581370522
459272906
452503781
599357588
452225102
484183612
451288624
449341573
450193298
450900775
487308178
451733824
452291032
595917451
451719932
450718431
451585666
446038054
428184007
452192520
445251634
445076497
449030593
552178684
452192392
449620265
443531178
431158161
450504585
447365320
452110736
452962454
448883366
429281623
462541776
573867481
476927810
462674005
491210004
620762097
533331287
487165602
452028193
642097851
451421938
448981128
452340120
451422069
449554327
450209854
452061200
451979823
449357914
449341762
449046735
452454653
450980095
451176642
450701345
450931335
451274743
451340908
452422230
448833549
449309085
449964149
449063598
452831363
448817594
458320384
465477549
452405942
451094419
